CUBOID	Leg001	0.55587 -0.481482 -0.00329169	0.788928 0.0485471 0.612565	0.0896101 0.977128 -0.192849	-0.607916 0.207036 0.766534	0.0224115	0.0224112	0.366544	1	1	1	1	1	1	1	
CUBOID	Leg002	0.55587 0.481487 -0.00329169	0.788928 -0.0485471 0.612565	-0.0896101 0.977128 0.192849	-0.607916 -0.207036 0.766534	0.0224115	0.0224112	0.366544	1	1	1	1	1	1	1	
CUBOID	Leg003	-0.55587 0.481487 -0.00329169	0.788928 0.0485471 -0.612565	0.0896101 0.977128 0.192849	0.607916 -0.207036 0.766534	0.0224115	0.0224112	0.366544	1	1	1	1	1	1	1	
CUBOID	Leg004	-0.55587 -0.481482 -0.00329169	0.788928 -0.0485471 -0.612565	-0.0896101 0.977128 -0.192849	0.607916 0.207036 0.766534	0.0224115	0.0224112	0.366544	1	1	1	1	1	1	1	
CUBOID	Side001	-0.0177225 0.40009 0.195793	1 0 0	0 1 0	0 0 1	0.240868	0.0170879	0.0547029	1	1	1	1	1	1	1	
CUBOID	Side002	-0.0177225 -0.40961 0.195793	1 0 0	0 1 0	0 0 1	0.240868	0.0170879	0.0547029	1	1	1	1	1	1	1	
CUBOID	Top	-6.93393e-005 -0.000221487 0.265147	1 0 0	0 1 0	0 0 1	0.386117	0.512637	0.0215653	1	1	1	1	1	1	1	
